1001
1001
0.00000 95690.64098
0.00086 95724.59180
0.00171 95873.94172
0.00257 95874.72257
0.00343 95918.58133
0.00429 95947.37824
0.00514 95968.26093
0.00600 95997.75060
0.00686 96019.78819
0.00771 96039.67586
0.00857 96061.52546
0.00943 96211.46018
0.01029 96243.84285
0.01114 96415.54705
0.01200 96566.55467
0.01286 96606.10708
0.01371 96624.39743
0.01457 96663.16501
0.01543 96687.08473
0.01628 96702.73646
0.01714 96746.27722
0.01800 96970.04641
0.01886 97266.92359
0.01971 97325.75610
0.02057 97493.46655
0.02143 97588.74769
0.02228 97775.59112
0.02314 97742.83634
0.02400 97804.15170
0.02486 97879.91088
0.02571 97972.33657
0.02657 98481.91942
0.02743 98576.20419
0.02828 98666.70200
0.02914 99110.06752
0.03000 99354.71163
0.03086 99433.28634
0.03171 99472.44215
0.03257 99434.71932
0.03343 99456.19635
0.03428 99627.33015
0.03514 100173.47519
0.03600 101088.88853
0.03686 101485.35543
0.03771 101521.24185
0.03857 101481.62513
0.03943 101507.71375
0.04028 101609.81833
0.04114 101907.21184
0.04200 102250.65263
0.04285 102373.63362
0.04371 102496.30207
0.04457 103210.02280
0.04543 103482.05616
0.04628 103867.74516
0.04714 104928.99531
0.04800 105071.30215
0.04885 105216.54810
0.04971 105363.05693
0.05057 105583.64876
0.05143 105727.88195
0.05228 106390.90770
0.05314 106696.13353
0.05400 107844.29403
0.05485 108106.09264
0.05571 108253.60757
0.05657 108608.44095
0.05743 108886.64788
0.05828 109237.26936
0.05914 109607.10410
0.06000 109764.50306
0.06085 111134.38501
0.06171 111244.69975
0.06257 111759.53582
0.06343 112131.24640
0.06428 112517.74870
0.06514 113085.49115
0.06600 113433.71708
0.06685 113596.72873
0.06771 114523.53455
0.06857 115007.98202
0.06943 115330.39991
0.07028 115782.89329
0.07114 115891.45590
0.07200 116402.51061
0.07285 117107.45912
0.07371 117458.24970
0.07457 117778.53301
0.07542 120396.89451
0.07628 121012.88449
0.07714 120927.92004
0.07800 120962.81500
0.07885 121365.99527
0.07971 121939.47359
0.08057 122299.89593
0.08142 122736.33980
0.08228 123151.55151
0.08314 123521.74140
0.08400 125544.79409
0.08485 126242.38152
0.08571 126415.04059
0.08657 126473.74173
0.08742 126572.63249
0.08828 127584.03422
0.08914 128052.65056
0.09000 128719.89774
0.09085 128868.50339
0.09171 129394.19382
0.09257 129873.19040
0.09342 130699.12534
0.09428 131060.31255
0.09514 131600.82472
0.09600 132237.04418
0.09685 133395.92557
0.09771 134426.79884
0.09857 134917.23032
0.09942 135097.40338
0.10028 135659.37720
0.10114 136070.00521
0.10199 136566.71148
0.10285 137053.89522
0.10371 137431.22256
0.10457 137925.58778
0.10542 138209.78872
0.10628 139289.26567
0.10714 140021.12833
0.10799 140637.40799
0.10885 140821.75847
0.10971 141356.34209
0.11057 141959.81267
0.11142 142622.63236
0.11228 142789.25050
0.11314 143019.69367
0.11399 143320.76772
0.11485 143635.37795
0.11571 144439.52951
0.11657 144894.20723
0.11742 145583.44167
0.11828 145880.90919
0.11914 146388.88448
0.11999 147051.69444
0.12085 147721.32047
0.12171 147978.21513
0.12257 148019.88388
0.12342 148312.46735
0.12428 148694.75483
0.12514 148915.39835
0.12599 150274.31416
0.12685 150589.19141
0.12771 150777.89388
0.12856 151127.36589
0.12942 151195.35454
0.13028 151633.85095
0.13114 152216.76263
0.13199 152331.66511
0.13285 152478.58179
0.13371 153025.02670
0.13456 153411.17247
0.13542 153669.92152
0.13628 154039.36980
0.13714 154277.43695
0.13799 154735.17196
0.13885 154892.52218
0.13971 155237.85422
0.14056 155417.71655
0.14142 155873.04196
0.14228 156427.05501
0.14314 156706.05386
0.14399 156756.37960
0.14485 156829.39101
0.14571 157602.20523
0.14656 157744.85560
0.14742 157605.23226
0.14828 157698.56828
0.14914 157922.57284
0.14999 158223.90741
0.15085 158416.75779
0.15171 159145.58278
0.15256 159292.79713
0.15342 159396.30134
0.15428 159585.76014
0.15514 159641.69470
0.15599 159978.23370
0.15685 160039.63336
0.15771 160117.67492
0.15856 160244.78448
0.15942 160729.93733
0.16028 160859.29086
0.16113 161435.99027
0.16199 161499.21811
0.16285 161541.00654
0.16371 161526.54130
0.16456 161486.82387
0.16542 161676.00595
0.16628 161844.64148
0.16713 162213.19621
0.16799 162295.79291
0.16885 162721.16711
0.16971 162807.24468
0.17056 162856.98514
0.17142 162914.51346
0.17228 163044.42780
0.17313 163236.19480
0.17399 163247.04182
0.17485 163264.99110
0.17571 163525.92129
0.17656 163708.85194
0.17742 163910.97029
0.17828 163968.74323
0.17913 164011.71266
0.17999 164293.70129
0.18085 164307.73385
0.18171 164316.53602
0.18256 164336.66180
0.18342 164457.22905
0.18428 164601.98920
0.18513 164685.21437
0.18599 164751.74270
0.18685 165256.81644
0.18770 165316.02058
0.18856 165331.40524
0.18942 165221.01803
0.19028 165206.59234
0.19113 165133.55818
0.19199 165156.19015
0.19285 165322.63465
0.19370 165391.77426
0.19456 165818.33813
0.19542 165817.32621
0.19628 165844.41469
0.19713 165863.47704
0.19799 165816.05694
0.19885 165794.79679
0.19970 165787.43528
0.20056 165780.24699
0.20142 165812.10348
0.20228 165845.41566
0.20313 166412.44487
0.20399 166342.32643
0.20485 166243.69591
0.20570 166253.19078
0.20656 166112.97931
0.20742 166029.31704
0.20828 165889.20598
0.20913 165880.56199
0.20999 165885.14354
0.21085 165893.25498
0.21170 165893.76510
0.21256 165917.78198
0.21342 165940.68633
0.21427 165989.84622
0.21513 165934.77517
0.21599 165887.38141
0.21685 165888.04958
0.21770 165771.54594
0.21856 165670.87218
0.21942 165495.53449
0.22027 165494.74422
0.22113 165494.68935
0.22199 165513.85807
0.22285 165482.37321
0.22370 165309.69896
0.22456 165309.54423
0.22542 165133.12387
0.22627 164896.50322
0.22713 164758.62802
0.22799 164571.41751
0.22885 164103.14517
0.22970 164108.17236
0.23056 164276.41604
0.23142 164228.00430
0.23227 164116.46540
0.23313 164000.00344
0.23399 163641.86430
0.23485 163288.62913
0.23570 163149.22355
0.23656 162952.88157
0.23742 162821.04044
0.23827 162640.65740
0.23913 162604.33082
0.23999 162435.80326
0.24085 162197.19194
0.24170 161736.94215
0.24256 161581.56708
0.24342 161303.21426
0.24427 161061.77058
0.24513 160779.42142
0.24599 160292.79071
0.24684 160024.04353
0.24770 160081.09100
0.24856 159982.66346
0.24942 159499.90092
0.25027 158899.75730
0.25113 158405.30408
0.25199 158200.26090
0.25284 157932.79458
0.25370 157800.99245
0.25456 157548.94349
0.25542 157427.51104
0.25627 157130.17024
0.25713 156875.21819
0.25799 156177.22754
0.25884 155930.08177
0.25970 155415.30106
0.26056 155003.74891
0.26142 154533.47246
0.26227 153989.24328
0.26313 154111.06306
0.26399 153891.02543
0.26484 153534.43968
0.26570 153079.88664
0.26656 152238.78033
0.26742 151718.83136
0.26827 151353.13872
0.26913 150914.20772
0.26999 150745.14691
0.27084 150558.61507
0.27170 150319.76766
0.27256 149889.44220
0.27341 149529.61338
0.27427 149143.45455
0.27513 147973.68303
0.27599 147172.73688
0.27684 147112.39895
0.27770 147263.09215
0.27856 147165.56531
0.27941 146942.64525
0.28027 146761.05447
0.28113 145265.41614
0.28199 144602.23109
0.28284 143586.92014
0.28370 143631.28662
0.28456 144102.19786
0.28541 143719.54772
0.28627 143150.31039
0.28713 142721.40450
0.28799 142476.39795
0.28884 141926.88975
0.28970 141574.34971
0.29056 140045.38877
0.29141 139567.16531
0.29227 139662.31926
0.29313 139567.44315
0.29399 139450.18130
0.29484 138911.84027
0.29570 138403.23799
0.29656 138073.80535
0.29741 137894.73346
0.29827 137325.87485
0.29913 136587.35315
0.29999 136141.66319
0.30084 136021.88724
0.30170 135469.48146
0.30256 134773.26046
0.30341 134433.99865
0.30427 134334.17465
0.30513 133851.08313
0.30598 133328.97323
0.30684 133011.75275
0.30770 132593.29513
0.30856 132247.68059
0.30941 132037.79309
0.31027 131457.94675
0.31113 131133.04411
0.31198 130880.95546
0.31284 130713.91278
0.31370 130201.61714
0.31456 130003.56354
0.31541 129717.26847
0.31627 129419.06317
0.31713 129181.45531
0.31798 127972.43036
0.31884 128103.70467
0.31970 127916.79370
0.32056 127751.18431
0.32141 127310.20175
0.32227 127144.93463
0.32313 126833.56636
0.32398 126635.99485
0.32484 126453.15552
0.32570 125028.17195
0.32656 125039.46583
0.32741 125091.10887
0.32827 125306.77950
0.32913 125240.59314
0.32998 124819.72690
0.33084 124407.06753
0.33170 124015.33075
0.33255 123922.50209
0.33341 122879.42348
0.33427 122409.32370
0.33513 122604.37805
0.33598 122676.20058
0.33684 123036.66001
0.33770 123045.34855
0.33855 122707.21707
0.33941 122278.62986
0.34027 121429.13898
0.34113 121295.03164
0.34198 121205.20416
0.34284 120971.29890
0.34370 120928.48163
0.34455 120984.32598
0.34541 121066.91816
0.34627 120968.39084
0.34713 120544.03937
0.34798 120252.77249
0.34884 119544.17344
0.34970 119609.67831
0.35055 119556.96637
0.35141 119300.21988
0.35227 119337.02148
0.35313 119506.21724
0.35398 119419.91327
0.35484 119182.90521
0.35570 119035.48620
0.35655 118629.53655
0.35741 118485.43248
0.35827 118197.54874
0.35912 118152.92612
0.35998 117987.79815
0.36084 118033.49704
0.36170 118240.55824
0.36255 118132.20485
0.36341 118038.15792
0.36427 117864.94425
0.36512 117785.01848
0.36598 117304.46549
0.36684 117239.60058
0.36770 117051.76772
0.36855 117015.89507
0.36941 117194.77762
0.37027 117170.06434
0.37112 117114.97826
0.37198 117082.80572
0.37284 116820.58059
0.37370 116667.15766
0.37455 116605.93413
0.37541 116578.06363
0.37627 116455.29568
0.37712 116352.67677
0.37798 116368.45975
0.37884 116342.81702
0.37970 116297.04657
0.38055 116277.89128
0.38141 116208.51522
0.38227 116173.79589
0.38312 116115.72990
0.38398 116047.45958
0.38484 115771.18903
0.38570 115615.16475
0.38655 115665.76689
0.38741 115668.38245
0.38827 115727.84144
0.38912 115731.16187
0.38998 115783.07706
0.39084 115727.94992
0.39169 115515.83241
0.39255 115431.82500
0.39341 115301.06290
0.39427 115276.94349
0.39512 115321.88307
0.39598 115342.47690
0.39684 115380.08619
0.39769 115362.82291
0.39855 115270.58275
0.39941 115246.15948
0.40027 115127.73223
0.40112 115067.51282
0.40198 115041.74531
0.40284 114989.62447
0.40369 115015.90927
0.40455 115058.65567
0.40541 115061.16612
0.40627 115060.85244
0.40712 115057.21582
0.40798 115032.51097
0.40884 114991.02063
0.40969 114808.79660
0.41055 114812.88232
0.41141 114814.81003
0.41227 114851.55866
0.41312 114868.23622
0.41398 114890.98453
0.41484 114908.18442
0.41569 114915.83444
0.41655 114919.81914
0.41741 114913.86173
0.41826 114885.63836
0.41912 114843.57150
0.41998 114763.60322
0.42084 114786.43792
0.42169 114818.10953
0.42255 114848.18968
0.42341 114889.31625
0.42426 114907.80964
0.42512 114924.64619
0.42598 114925.38721
0.42684 114925.71520
0.42769 114928.66566
0.42855 114930.84327
0.42941 114966.51810
0.43026 114995.30219
0.43112 114996.66986
0.43198 115042.15119
0.43284 115073.48125
0.43369 115076.38275
0.43455 115076.04616
0.43541 115082.53140
0.43626 115088.33555
0.43712 115089.29167
0.43798 115152.00258
0.43884 115267.23354
0.43969 115306.26777
0.44055 115362.94985
0.44141 115370.03096
0.44226 115398.15554
0.44312 115386.06838
0.44398 115406.12486
0.44483 115416.54837
0.44569 115433.96153
0.44655 115605.21981
0.44741 115670.40709
0.44826 115662.30666
0.44912 115689.72924
0.44998 115705.68282
0.45083 115711.87461
0.45169 115804.69189
0.45255 115902.82087
0.45341 115896.04555
0.45426 115917.69269
0.45512 115970.53721
0.45598 116053.63047
0.45683 116117.74153
0.45769 116142.65915
0.45855 116258.37245
0.45941 116288.77793
0.46026 116337.03218
0.46112 116355.07943
0.46198 116325.69754
0.46283 116369.75655
0.46369 116417.68182
0.46455 116460.44392
0.46541 116654.01644
0.46626 116767.49755
0.46712 116790.49893
0.46798 116766.77580
0.46883 116780.69492
0.46969 116800.24084
0.47055 116845.95131
0.47140 116922.53533
0.47226 116989.86715
0.47312 117133.27754
0.47398 117142.96296
0.47483 117157.16822
0.47569 117127.22269
0.47655 117155.02882
0.47740 117163.16888
0.47826 117236.35915
0.47912 117271.75680
0.47998 117366.39903
0.48083 117519.22303
0.48169 117581.40304
0.48255 117579.50891
0.48340 117537.00330
0.48426 117547.34949
0.48512 117492.82848
0.48598 117550.44666
0.48683 117682.59850
0.48769 117713.63873
0.48855 117761.76030
0.48940 117733.48610
0.49026 117734.41941
0.49112 117679.73179
0.49198 117689.76999
0.49283 117723.20938
0.49369 117753.43427
0.49455 117786.03635
0.49540 117975.75247
0.49626 118001.17759
0.49712 117993.37115
0.49798 117867.34910
0.49883 117881.01448
0.49969 117876.99300
0.50055 117760.29459
0.50140 117780.86867
0.50226 117797.59558
0.50312 117870.22114
0.50397 117830.67886
0.50483 117878.04568
0.50569 117950.79443
0.50655 117873.09221
0.50740 117831.17300
0.50826 117796.50262
0.50912 117559.54579
0.50997 117571.23103
0.51083 117609.80971
0.51169 117685.49914
0.51255 117751.72065
0.51340 117749.85671
0.51426 117745.75985
0.51512 117530.07590
0.51597 117522.52372
0.51683 117316.55776
0.51769 117265.99771
0.51855 117235.20827
0.51940 117242.24746
0.52026 117274.72924
0.52112 117281.41325
0.52197 117274.45256
0.52283 117174.42391
0.52369 116948.49686
0.52455 116939.81483
0.52540 116823.15600
0.52626 116796.56858
0.52712 116727.15245
0.52797 116711.37059
0.52883 116679.89545
0.52969 116627.75368
0.53054 116533.03844
0.53140 116509.44849
0.53226 116298.03256
0.53312 116207.01547
0.53397 116063.79695
0.53483 116033.98294
0.53569 115874.73803
0.53654 115850.13018
0.53740 115833.00891
0.53826 115812.46446
0.53912 115732.36430
0.53997 115653.11484
0.54083 115463.13394
0.54169 115352.38970
0.54254 115041.15040
0.54340 115004.03399
0.54426 114985.63014
0.54512 114944.64818
0.54597 114889.62662
0.54683 114828.30594
0.54769 114612.97028
0.54854 114548.34220
0.54940 114513.63194
0.55026 114152.28475
0.55112 114138.81479
0.55197 114099.70826
0.55283 114063.60385
0.55369 113730.13867
0.55454 113699.75176
0.55540 113676.90484
0.55626 113636.07753
0.55712 113602.09846
0.55797 113265.00384
0.55883 113096.56229
0.55969 113034.44541
0.56054 112992.65751
0.56140 112951.82912
0.56226 112591.14397
0.56311 112414.59452
0.56397 112390.05318
0.56483 112407.25835
0.56569 112397.12148
0.56654 112222.65376
0.56740 112116.21812
0.56826 111988.22235
0.56911 111684.00394
0.56997 111648.63563
0.57083 111494.45732
0.57169 111416.11195
0.57254 111374.95020
0.57340 111310.42969
0.57426 111280.69412
0.57511 111149.48548
0.57597 110969.40018
0.57683 110753.27157
0.57769 110662.65249
0.57854 110627.49456
0.57940 110508.67451
0.58026 110420.80872
0.58111 110296.01976
0.58197 110108.43309
0.58283 110076.07830
0.58369 109967.34637
0.58454 109917.08393
0.58540 109849.31079
0.58626 109726.83366
0.58711 109678.42297
0.58797 109523.34726
0.58883 109430.14496
0.58968 109085.30535
0.59054 109083.63940
0.59140 109107.08879
0.59226 109125.67762
0.59311 109089.74229
0.59397 109001.66776
0.59483 108719.14365
0.59568 108707.57763
0.59654 108686.38854
0.59740 108529.51143
0.59826 108447.05577
0.59911 108383.35726
0.59997 108221.47963
0.60083 108227.60159
0.60168 108276.22893
0.60254 108233.08501
0.60340 108037.47651
0.60426 107989.73927
0.60511 107796.02580
0.60597 107776.59543
0.60683 107725.38554
0.60768 107699.22836
0.60854 107516.23947
0.60940 107541.14718
0.61026 107585.85887
0.61111 107572.45202
0.61197 107432.36169
0.61283 107404.00975
0.61368 107249.35704
0.61454 107233.43876
0.61540 107071.28001
0.61625 107052.03082
0.61711 107019.82142
0.61797 107033.38220
0.61883 107051.25065
0.61968 106952.91278
0.62054 106930.12009
0.62140 106804.68109
0.62225 106789.41254
0.62311 106678.67880
0.62397 106666.27962
0.62483 106601.55263
0.62568 106584.19682
0.62654 106573.19489
0.62740 106545.99175
0.62825 106452.26139
0.62911 106444.01136
0.62997 106413.14392
0.63083 106339.22035
0.63168 106318.42529
0.63254 106242.76001
0.63340 106190.75585
0.63425 106079.73848
0.63511 106096.14407
0.63597 106130.74952
0.63683 106133.08940
0.63768 106098.30500
0.63854 106057.89848
0.63940 105936.78884
0.64025 105879.27944
0.64111 105836.39998
0.64197 105820.37783
0.64282 105771.64957
0.64368 105774.88109
0.64454 105765.91608
0.64540 105749.74515
0.64625 105659.77980
0.64711 105608.46093
0.64797 105594.31590
0.64882 105572.80696
0.64968 105518.10088
0.65054 105438.64504
0.65140 105415.38460
0.65225 105408.04765
0.65311 105393.94203
0.65397 105347.54173
0.65482 105286.54722
0.65568 105247.26785
0.65654 105230.07517
0.65740 105187.16103
0.65825 105127.63645
0.65911 105073.07922
0.65997 105063.63821
0.66082 105057.11318
0.66168 105022.32852
0.66254 104955.09742
0.66340 104894.44623
0.66425 104884.31514
0.66511 104873.63851
0.66597 104834.93275
0.66682 104771.25802
0.66768 104725.06546
0.66854 104698.60545
0.66940 104679.65731
0.67025 104634.78058
0.67111 104583.45210
0.67197 104525.52083
0.67282 104511.94977
0.67368 104499.71840
0.67454 104457.53629
0.67539 104396.44450
0.67625 104339.74163
0.67711 104328.31028
0.67797 104311.70921
0.67882 104301.52491
0.67968 104237.12651
0.68054 104187.95582
0.68139 104149.20191
0.68225 104120.83632
0.68311 104081.94977
0.68397 104055.73518
0.68482 104018.21387
0.68568 103986.31084
0.68654 103955.99908
0.68739 103930.77419
0.68825 103885.51836
0.68911 103858.74802
0.68997 103838.32787
0.69082 103797.61117
0.69168 103750.80858
0.69254 103723.35221
0.69339 103683.43382
0.69425 103651.84578
0.69511 103640.86325
0.69597 103628.58921
0.69682 103609.10265
0.69768 103537.71839
0.69854 103531.44522
0.69939 103473.59339
0.70025 103463.41390
0.70111 103408.95822
0.70196 103402.91679
0.70282 103369.45201
0.70368 103364.31626
0.70454 103317.66069
0.70539 103311.12212
0.70625 103259.54146
0.70711 103252.60512
0.70796 103188.42616
0.70882 103176.22886
0.70968 103133.52817
0.71054 103127.70865
0.71139 103090.99502
0.71225 103083.51966
0.71311 103016.15898
0.71396 103021.14987
0.71482 103015.19584
0.71568 102995.61530
0.71654 102896.08399
0.71739 102906.10240
0.71825 102889.21218
0.71911 102838.31170
0.71996 102843.12830
0.72082 102788.59834
0.72168 102786.70453
0.72254 102704.04695
0.72339 102698.84253
0.72425 102653.38680
0.72511 102655.25395
0.72596 102618.81634
0.72682 102579.87574
0.72768 102533.57433
0.72853 102534.64801
0.72939 102469.21439
0.73025 102436.40706
0.73111 102354.70766
0.73196 102352.98668
0.73282 102336.62166
0.73368 102316.65449
0.73453 102265.47071
0.73539 102253.42701
0.73625 102188.76391
0.73711 102176.99392
0.73796 102063.85470
0.73882 102034.74044
0.73968 101967.71875
0.74053 101945.27691
0.74139 101922.49921
0.74225 101891.31177
0.74311 101859.36565
0.74396 101803.71391
0.74482 101758.26660
0.74568 101699.84353
0.74653 101630.72262
0.74739 101546.72347
0.74825 101502.77203
0.74911 101445.69958
0.74996 101418.68705
0.75082 101376.19335
0.75168 101340.76372
0.75253 101276.49938
0.75339 101236.13114
0.75425 101182.87269
0.75511 101100.84048
0.75596 100996.32367
0.75682 100903.82742
0.75768 100889.92268
0.75853 100825.08194
0.75939 100767.21237
0.76025 100740.29338
0.76110 100650.98464
0.76196 100640.62460
0.76282 100536.82902
0.76368 100451.67251
0.76453 100350.66320
0.76539 100338.21958
0.76625 100221.45813
0.76710 100198.49024
0.76796 100134.89983
0.76882 100107.92640
0.76968 99944.62324
0.77053 99926.55766
0.77139 99902.96397
0.77225 99827.74199
0.77310 99683.65398
0.77396 99643.70164
0.77482 99578.20716
0.77568 99544.12647
0.77653 99365.95113
0.77739 99341.22862
0.77825 99316.40366
0.77910 99293.79002
0.77996 99095.88286
0.78082 99058.52245
0.78168 99037.24361
0.78253 99020.67673
0.78339 98994.60648
0.78425 98787.03383
0.78510 98713.82619
0.78596 98688.57444
0.78682 98656.65531
0.78767 98623.14541
0.78853 98415.07452
0.78939 98378.50700
0.79025 98367.49288
0.79110 98360.41107
0.79196 98298.60379
0.79282 98245.43802
0.79367 98093.78303
0.79453 98047.06677
0.79539 97976.20431
0.79625 97953.90167
0.79710 97793.02772
0.79796 97798.29560
0.79882 97815.75789
0.79967 97806.22915
0.80053 97737.72235
0.80139 97626.21807
0.80225 97540.56052
0.80310 97514.95245
0.80396 97477.64557
0.80482 97333.58044
0.80567 97320.55251
0.80653 97347.35194
0.80739 97341.98072
0.80825 97283.44241
0.80910 97221.30202
0.80996 97161.22287
0.81082 97099.04936
0.81167 97073.50542
0.81253 97009.80044
0.81339 96976.78190
0.81424 96897.57357
0.81510 96915.17082
0.81596 96933.06372
0.81682 96926.59015
0.81767 96874.19897
0.81853 96811.99250
0.81939 96750.19015
0.82024 96705.34730
0.82110 96667.34926
0.82196 96633.37760
0.82282 96604.23890
0.82367 96624.30322
0.82453 96627.58592
0.82539 96622.11185
0.82624 96613.80216
0.82710 96530.20528
0.82796 96504.82573
0.82882 96454.51749
0.82967 96445.31669
0.83053 96412.11021
0.83139 96387.35200
0.83224 96404.85676
0.83310 96408.95595
0.83396 96423.80045
0.83482 96418.06657
0.83567 96414.73450
0.83653 96281.86336
0.83739 96304.67158
0.83824 96304.33158
0.83910 96295.32715
0.83996 96294.49669
0.84082 96298.75510
0.84167 96304.63868
0.84253 96316.36517
0.84339 96318.70546
0.84424 96319.80141
0.84510 96321.30247
0.84596 96314.28169
0.84681 96288.41232
0.84767 96240.80406
0.84853 96224.41352
0.84939 96245.96589
0.85024 96266.97340
0.85110 96323.60572
0.85196 96421.99120
0.85281 96423.33649
0.85367 96417.87525
0.85453 96417.83427
0.85539 96398.76787
0.85624 96395.55122
0.85710 96395.91413
